0,8.5
0.001,8.52
0.002,8.53998
0.003,8.55996
0.004,8.57992
0.005,8.59988
0.006,8.61982
0.007,8.63976
0.008,8.65969
0.009,8.6796
0.01,8.69951
0.011,8.71941
0.012,8.73929
0.013,8.75917
0.014,8.77904
0.015,8.7989
0.016,8.81874
0.017,8.83858
0.018,8.85841
0.019,8.87823
0.02,8.89804
0.021,8.91784
0.022,8.93763
0.023,8.95741
0.024,8.97717
0.025,8.99693
0.026,9.01668
0.027,9.03642
0.028,9.05615
0.029,9.07587
0.03,9.09559
0.031,9.11529
0.032,9.13498
0.033,9.15466
0.034,9.17433
0.035,9.19399
0.036,9.21364
0.037,9.23329
0.038,9.25292
0.039,9.27254
0.04,9.29215
0.041,9.31175
0.042,9.33135
0.043,9.35093
0.044,9.3705
0.045,9.39007
0.046,9.40962
0.047,9.42916
0.048,9.4487
0.049,9.46822
0.05,9.48774
0.051,9.50724
0.052,9.52674
0.053,9.54622
0.054,9.5657
0.055,9.58516
0.056,9.60462
0.057,9.62406
0.058,9.6435
0.059,9.66293
0.06,9.68234
0.061,9.70175
0.062,9.72115
0.063,9.74053
0.064,9.75991
0.065,9.77928
0.066,9.79863
0.067,9.81798
0.068,9.83732
0.069,9.85665
0.07,9.87597
0.071,9.89527
0.072,9.91457
0.073,9.93386
0.074,9.95314
0.075,9.97241
0.076,9.99167
0.077,10.0109
0.078,10.0302
0.079,10.0494
0.08,10.0686
0.081,10.0878
0.082,10.107
0.083,10.1262
0.084,10.1454
0.085,10.1646
0.086,10.1837
0.087,10.2029
0.088,10.222
0.089,10.2411
0.09,10.2603
0.091,10.2794
0.092,10.2985
0.093,10.3176
0.094,10.3367
0.095,10.3557
0.096,10.3748
0.097,10.3938
0.098,10.4129
0.099,10.4319
0.1,10.451
0.101,10.47
0.102,10.489
0.103,10.508
0.104,10.5269
0.105,10.5459
0.106,10.5649
0.107,10.5838
0.108,10.6028
0.109,10.6217
0.11,10.6406
0.111,10.6596
0.112,10.6785
0.113,10.6974
0.114,10.7163
0.115,10.7351
0.116,10.754
0.117,10.7729
0.118,10.7917
0.119,10.8105
0.12,10.8294
0.121,10.8482
0.122,10.867
0.123,10.8858
0.124,10.9046
0.125,10.9234
0.126,10.9421
0.127,10.9609
0.128,10.9796
0.129,10.9984
0.13,11.0171
0.131,11.0358
0.132,11.0545
0.133,11.0732
0.134,11.0919
0.135,11.1106
0.136,11.1293
0.137,11.1479
0.138,11.1666
0.139,11.1852
0.14,11.2039
0.141,11.2225
0.142,11.2411
0.143,11.2597
0.144,11.2783
0.145,11.2969
0.146,11.3154
0.147,11.334
0.148,11.3526
0.149,11.3711
0.15,11.3896
0.151,11.4082
0.152,11.4267
0.153,11.4452
0.154,11.4637
0.155,11.4822
0.156,11.5006
0.157,11.5191
0.158,11.5376
0.159,11.556
0.16,11.5744
0.161,11.5929
0.162,11.6113
0.163,11.6297
0.164,11.6481
0.165,11.6665
0.166,11.6848
0.167,11.7032
0.168,11.7216
0.169,11.7399
0.17,11.7582
0.171,11.7766
0.172,11.7949
0.173,11.8132
0.174,11.8315
0.175,11.8498
0.176,11.8681
0.177,11.8863
0.178,11.9046
0.179,11.9228
0.18,11.9411
0.181,11.9593
0.182,11.9775
0.183,11.9957
0.184,12.0139
0.185,12.0321
0.186,12.0503
0.187,12.0685
0.188,12.0866
0.189,12.1048
0.19,12.1229
0.191,12.1411
0.192,12.1592
0.193,12.1773
0.194,12.1954
0.195,12.2135
0.196,12.2316
0.197,12.2496
0.198,12.2677
0.199,12.2858
0.2,12.3038
0.201,12.3218
0.202,12.3399
0.203,12.3579
0.204,12.3759
0.205,12.3939
0.206,12.4119
0.207,12.4298
0.208,12.4478
0.209,12.4657
0.21,12.4837
0.211,12.5016
0.212,12.5195
0.213,12.5375
0.214,12.5554
0.215,12.5733
0.216,12.5912
0.217,12.609
0.218,12.6269
0.219,12.6448
0.22,12.6626
0.221,12.6804
0.222,12.6983
0.223,12.7161
0.224,12.7339
0.225,12.7517
0.226,12.7695
0.227,12.7873
0.228,12.805
0.229,12.8228
0.23,12.8405
0.231,12.8583
0.232,12.876
0.233,12.8937
0.234,12.9114
0.235,12.9291
0.236,12.9468
0.237,12.9645
0.238,12.9822
0.239,12.9998
0.24,13.0175
0.241,13.0351
0.242,13.0527
0.243,13.0704
0.244,13.088
0.245,13.1056
0.246,13.1232
0.247,13.1408
0.248,13.1583
0.249,13.1759
0.25,13.1934
0.251,13.211
0.252,13.2285
0.253,13.246
0.254,13.2635
0.255,13.2811
0.256,13.2985
0.257,13.316
0.258,13.3335
0.259,13.351
0.26,13.3684
0.261,13.3859
0.262,13.4033
0.263,13.4207
0.264,13.4381
0.265,13.4555
0.266,13.4729
0.267,13.4903
0.268,13.5077
0.269,13.5251
0.27,13.5424
0.271,13.5598
0.272,13.5771
0.273,13.5944
0.274,13.6118
0.275,13.6291
0.276,13.6464
0.277,13.6636
0.278,13.6809
0.279,13.6982
0.28,13.7154
0.281,13.7327
0.282,13.7499
0.283,13.7672
0.284,13.7844
0.285,13.8016
0.286,13.8188
0.287,13.836
0.288,13.8532
0.289,13.8703
0.29,13.8875
0.291,13.9046
0.292,13.9218
0.293,13.9389
0.294,13.956
0.295,13.9731
0.296,13.9902
0.297,14.0073
0.298,14.0244
0.299,14.0415
0.3,14.0585
0.301,14.0756
0.302,14.0926
0.303,14.1097
0.304,14.1267
0.305,14.1437
0.306,14.1607
0.307,14.1777
0.308,14.1947
0.309,14.2117
0.31,14.2286
0.311,14.2456
0.312,14.2625
0.313,14.2795
0.314,14.2964
0.315,14.3133
0.316,14.3302
0.317,14.3471
0.318,14.364
0.319,14.3809
0.32,14.3977
0.321,14.4146
0.322,14.4314
0.323,14.4483
0.324,14.4651
0.325,14.4819
0.326,14.4987
0.327,14.5155
0.328,14.5323
0.329,14.5491
0.33,14.5658
0.331,14.5826
0.332,14.5994
0.333,14.6161
0.334,14.6328
0.335,14.6495
0.336,14.6662
0.337,14.6829
0.338,14.6996
0.339,14.7163
0.34,14.733
0.341,14.7496
0.342,14.7663
0.343,14.7829
0.344,14.7996
0.345,14.8162
0.346,14.8328
0.347,14.8494
0.348,14.866
0.349,14.8826
0.35,14.8991
0.351,14.9157
0.352,14.9323
0.353,14.9488
0.354,14.9653
0.355,14.9818
0.356,14.9984
0.357,15.0149
0.358,15.0314
0.359,15.0478
0.36,15.0643
0.361,15.0808
0.362,15.0972
0.363,15.1137
0.364,15.1301
0.365,15.1465
0.366,15.1629
0.367,15.1794
0.368,15.1957
0.369,15.2121
0.37,15.2285
0.371,15.2449
0.372,15.2612
0.373,15.2776
0.374,15.2939
0.375,15.3102
0.376,15.3266
0.377,15.3429
0.378,15.3592
0.379,15.3754
0.38,15.3917
0.381,15.408
0.382,15.4242
0.383,15.4405
0.384,15.4567
0.385,15.473
0.386,15.4892
0.387,15.5054
0.388,15.5216
0.389,15.5378
0.39,15.5539
0.391,15.5701
0.392,15.5863
0.393,15.6024
0.394,15.6186
0.395,15.6347
0.396,15.6508
0.397,15.6669
0.398,15.683
0.399,15.6991
0.4,15.7152
0.401,15.7313
0.402,15.7473
0.403,15.7634
0.404,15.7794
0.405,15.7955
0.406,15.8115
0.407,15.8275
0.408,15.8435
0.409,15.8595
0.41,15.8755
0.411,15.8914
0.412,15.9074
0.413,15.9234
0.414,15.9393
0.415,15.9552
0.416,15.9712
0.417,15.9871
0.418,16.003
0.419,16.0189
0.42,16.0348
0.421,16.0506
0.422,16.0665
0.423,16.0824
0.424,16.0982
0.425,16.114
0.426,16.1299
0.427,16.1457
0.428,16.1615
0.429,16.1773
0.43,16.1931
0.431,16.2088
0.432,16.2246
0.433,16.2404
0.434,16.2561
0.435,16.2719
0.436,16.2876
0.437,16.3033
0.438,16.319
0.439,16.3347
0.44,16.3504
0.441,16.3661
0.442,16.3817
0.443,16.3974
0.444,16.413
0.445,16.4287
0.446,16.4443
0.447,16.4599
0.448,16.4755
0.449,16.4911
0.45,16.5067
0.451,16.5223
0.452,16.5379
0.453,16.5534
0.454,16.569
0.455,16.5845
0.456,16.6001
0.457,16.6156
0.458,16.6311
0.459,16.6466
0.46,16.6621
0.461,16.6776
0.462,16.6931
0.463,16.7085
0.464,16.724
0.465,16.7394
0.466,16.7548
0.467,16.7703
0.468,16.7857
0.469,16.8011
0.47,16.8165
0.471,16.8319
0.472,16.8472
0.473,16.8626
0.474,16.878
0.475,16.8933
0.476,16.9086
0.477,16.924
0.478,16.9393
0.479,16.9546
0.48,16.9699
0.481,16.9852
0.482,17.0005
0.483,17.0157
0.484,17.031
0.485,17.0462
0.486,17.0615
0.487,17.0767
0.488,17.0919
0.489,17.1071
0.49,17.1223
0.491,17.1375
0.492,17.1527
0.493,17.1678
0.494,17.183
0.495,17.1982
0.496,17.2133
0.497,17.2284
0.498,17.2435
0.499,17.2587
0.5,17.2737
0.501,17.2888
0.502,17.3039
0.503,17.319
0.504,17.3341
0.505,17.3491
0.506,17.3641
0.507,17.3792
0.508,17.3942
0.509,17.4092
0.51,17.4242
0.511,17.4392
0.512,17.4542
0.513,17.4692
0.514,17.4841
0.515,17.4991
0.516,17.514
0.517,17.5289
0.518,17.5439
0.519,17.5588
0.52,17.5737
0.521,17.5886
0.522,17.6035
0.523,17.6183
0.524,17.6332
0.525,17.6481
0.526,17.6629
0.527,17.6777
0.528,17.6926
0.529,17.7074
0.53,17.7222
0.531,17.737
0.532,17.7518
0.533,17.7665
0.534,17.7813
0.535,17.7961
0.536,17.8108
0.537,17.8256
0.538,17.8403
0.539,17.855
0.54,17.8697
0.541,17.8844
0.542,17.8991
0.543,17.9138
0.544,17.9284
0.545,17.9431
0.546,17.9577
0.547,17.9724
0.548,17.987
0.549,18.0016
0.55,18.0162
0.551,18.0308
0.552,18.0454
0.553,18.06
0.554,18.0746
0.555,18.0891
0.556,18.1037
0.557,18.1182
0.558,18.1328
0.559,18.1473
0.56,18.1618
0.561,18.1763
0.562,18.1908
0.563,18.2053
0.564,18.2197
0.565,18.2342
0.566,18.2487
0.567,18.2631
0.568,18.2775
0.569,18.292
0.57,18.3064
0.571,18.3208
0.572,18.3352
0.573,18.3495
0.574,18.3639
0.575,18.3783
0.576,18.3926
0.577,18.407
0.578,18.4213
0.579,18.4356
0.58,18.45
0.581,18.4643
0.582,18.4786
0.583,18.4928
0.584,18.5071
0.585,18.5214
0.586,18.5356
0.587,18.5499
0.588,18.5641
0.589,18.5784
0.59,18.5926
0.591,18.6068
0.592,18.621
0.593,18.6352
0.594,18.6493
0.595,18.6635
0.596,18.6777
0.597,18.6918
0.598,18.706
0.599,18.7201
0.6,18.7342
0.601,18.7483
0.602,18.7624
0.603,18.7765
0.604,18.7906
0.605,18.8046
0.606,18.8187
0.607,18.8328
0.608,18.8468
0.609,18.8608
0.61,18.8748
0.611,18.8889
0.612,18.9029
0.613,18.9169
0.614,18.9308
0.615,18.9448
0.616,18.9588
0.617,18.9727
0.618,18.9867
0.619,19.0006
0.62,19.0145
0.621,19.0284
0.622,19.0423
0.623,19.0562
0.624,19.0701
0.625,19.084
0.626,19.0978
0.627,19.1117
0.628,19.1255
0.629,19.1394
0.63,19.1532
0.631,19.167
0.632,19.1808
0.633,19.1946
0.634,19.2084
0.635,19.2222
0.636,19.2359
0.637,19.2497
0.638,19.2634
0.639,19.2772
0.64,19.2909
0.641,19.3046
0.642,19.3183
0.643,19.332
0.644,19.3457
0.645,19.3594
0.646,19.3731
0.647,19.3867
0.648,19.4004
0.649,19.414
0.65,19.4276
0.651,19.4413
0.652,19.4549
0.653,19.4685
0.654,19.4821
0.655,19.4956
0.656,19.5092
0.657,19.5228
0.658,19.5363
0.659,19.5499
0.66,19.5634
0.661,19.5769
0.662,19.5904
0.663,19.6039
0.664,19.6174
0.665,19.6309
0.666,19.6444
0.667,19.6578
0.668,19.6713
0.669,19.6847
0.67,19.6981
0.671,19.7116
0.672,19.725
0.673,19.7384
0.674,19.7518
0.675,19.7652
0.676,19.7785
0.677,19.7919
0.678,19.8052
0.679,19.8186
0.68,19.8319
0.681,19.8453
0.682,19.8586
0.683,19.8719
0.684,19.8852
0.685,19.8985
0.686,19.9117
0.687,19.925
0.688,19.9382
0.689,19.9515
0.69,19.9647
0.691,19.978
0.692,19.9912
0.693,20.0044
0.694,20.0176
0.695,20.0308
0.696,20.0439
0.697,20.0571
0.698,20.0703
0.699,20.0834
0.7,20.0966
0.701,20.1097
0.702,20.1228
0.703,20.1359
0.704,20.149
0.705,20.1621
0.706,20.1752
0.707,20.1882
0.708,20.2013
0.709,20.2143
0.71,20.2274
0.711,20.2404
0.712,20.2534
0.713,20.2665
0.714,20.2795
0.715,20.2924
0.716,20.3054
0.717,20.3184
0.718,20.3314
0.719,20.3443
0.72,20.3572
0.721,20.3702
0.722,20.3831
0.723,20.396
0.724,20.4089
0.725,20.4218
0.726,20.4347
0.727,20.4476
0.728,20.4604
0.729,20.4733
0.73,20.4861
0.731,20.499
0.732,20.5118
0.733,20.5246
0.734,20.5374
0.735,20.5502
0.736,20.563
0.737,20.5758
0.738,20.5885
0.739,20.6013
0.74,20.614
0.741,20.6268
0.742,20.6395
0.743,20.6522
0.744,20.6649
0.745,20.6776
0.746,20.6903
0.747,20.703
0.748,20.7156
0.749,20.7283
0.75,20.7409
0.751,20.7536
0.752,20.7662
0.753,20.7788
0.754,20.7914
0.755,20.804
0.756,20.8166
0.757,20.8292
0.758,20.8418
0.759,20.8543
0.76,20.8669
0.761,20.8794
0.762,20.8919
0.763,20.9045
0.764,20.917
0.765,20.9295
0.766,20.942
0.767,20.9544
0.768,20.9669
0.769,20.9794
0.77,20.9918
0.771,21.0043
0.772,21.0167
0.773,21.0291
0.774,21.0415
0.775,21.0539
0.776,21.0663
0.777,21.0787
0.778,21.0911
0.779,21.1034
0.78,21.1158
0.781,21.1281
0.782,21.1405
0.783,21.1528
0.784,21.1651
0.785,21.1774
0.786,21.1897
0.787,21.202
0.788,21.2143
0.789,21.2265
0.79,21.2388
0.791,21.251
0.792,21.2633
0.793,21.2755
0.794,21.2877
0.795,21.2999
0.796,21.3121
0.797,21.3243
0.798,21.3365
0.799,21.3486
0.8,21.3608
0.801,21.3729
0.802,21.3851
0.803,21.3972
0.804,21.4093
0.805,21.4214
0.806,21.4335
0.807,21.4456
0.808,21.4577
0.809,21.4698
0.81,21.4818
0.811,21.4939
0.812,21.5059
0.813,21.5179
0.814,21.53
0.815,21.542
0.816,21.554
0.817,21.566
0.818,21.5779
0.819,21.5899
0.82,21.6019
0.821,21.6138
0.822,21.6258
0.823,21.6377
0.824,21.6496
0.825,21.6615
0.826,21.6734
0.827,21.6853
0.828,21.6972
0.829,21.7091
0.83,21.7209
0.831,21.7328
0.832,21.7446
0.833,21.7565
0.834,21.7683
0.835,21.7801
0.836,21.7919
0.837,21.8037
0.838,21.8155
0.839,21.8273
0.84,21.839
0.841,21.8508
0.842,21.8625
0.843,21.8743
0.844,21.886
0.845,21.8977
0.846,21.9094
0.847,21.9211
0.848,21.9328
0.849,21.9445
0.85,21.9561
0.851,21.9678
0.852,21.9794
0.853,21.9911
0.854,22.0027
0.855,22.0143
0.856,22.0259
0.857,22.0375
0.858,22.0491
0.859,22.0607
0.86,22.0723
0.861,22.0838
0.862,22.0954
0.863,22.1069
0.864,22.1184
0.865,22.13
0.866,22.1415
0.867,22.153
0.868,22.1645
0.869,22.1759
0.87,22.1874
0.871,22.1989
0.872,22.2103
0.873,22.2218
0.874,22.2332
0.875,22.2446
0.876,22.256
0.877,22.2674
0.878,22.2788
0.879,22.2902
0.88,22.3016
0.881,22.3129
0.882,22.3243
0.883,22.3356
0.884,22.347
0.885,22.3583
0.886,22.3696
0.887,22.3809
0.888,22.3922
0.889,22.4035
0.89,22.4147
0.891,22.426
0.892,22.4373
0.893,22.4485
0.894,22.4597
0.895,22.471
0.896,22.4822
0.897,22.4934
0.898,22.5046
0.899,22.5158
0.9,22.527
0.901,22.5381
0.902,22.5493
0.903,22.5604
0.904,22.5716
0.905,22.5827
0.906,22.5938
0.907,22.6049
0.908,22.616
0.909,22.6271
0.91,22.6382
0.911,22.6492
0.912,22.6603
0.913,22.6713
0.914,22.6824
0.915,22.6934
0.916,22.7044
0.917,22.7154
0.918,22.7264
0.919,22.7374
0.92,22.7484
0.921,22.7594
0.922,22.7703
0.923,22.7813
0.924,22.7922
0.925,22.8032
0.926,22.8141
0.927,22.825
0.928,22.8359
0.929,22.8468
0.93,22.8577
0.931,22.8685
0.932,22.8794
0.933,22.8903
0.934,22.9011
0.935,22.9119
0.936,22.9227
0.937,22.9336
0.938,22.9444
0.939,22.9552
0.94,22.9659
0.941,22.9767
0.942,22.9875
0.943,22.9982
0.944,23.009
0.945,23.0197
0.946,23.0304
0.947,23.0412
0.948,23.0519
0.949,23.0626
0.95,23.0732
0.951,23.0839
0.952,23.0946
0.953,23.1052
0.954,23.1159
0.955,23.1265
0.956,23.1371
0.957,23.1478
0.958,23.1584
0.959,23.169
0.96,23.1796
0.961,23.1901
0.962,23.2007
0.963,23.2113
0.964,23.2218
0.965,23.2323
0.966,23.2429
0.967,23.2534
0.968,23.2639
0.969,23.2744
0.97,23.2849
0.971,23.2954
0.972,23.3058
0.973,23.3163
0.974,23.3267
0.975,23.3372
0.976,23.3476
0.977,23.358
0.978,23.3684
0.979,23.3788
0.98,23.3892
0.981,23.3996
0.982,23.41
0.983,23.4204
0.984,23.4307
0.985,23.441
0.986,23.4514
0.987,23.4617
0.988,23.472
0.989,23.4823
0.99,23.4926
0.991,23.5029
0.992,23.5132
0.993,23.5234
0.994,23.5337
0.995,23.5439
0.996,23.5542
0.997,23.5644
0.998,23.5746
0.999,23.5848
1,23.595
1.001,23.6052
1.002,23.6154
1.003,23.6255
1.004,23.6357
1.005,23.6458
1.006,23.656
1.007,23.6661
1.008,23.6762
1.009,23.6863
1.01,23.6964
1.011,23.7065
1.012,23.7166
1.013,23.7266
1.014,23.7367
1.015,23.7467
1.016,23.7568
1.017,23.7668
1.018,23.7768
1.019,23.7868
1.02,23.7968
1.021,23.8068
1.022,23.8168
1.023,23.8268
1.024,23.8367
1.025,23.8467
1.026,23.8566
1.027,23.8666
1.028,23.8765
1.029,23.8864
1.03,23.8963
1.031,23.9062
1.032,23.9161
1.033,23.9259
1.034,23.9358
1.035,23.9456
1.036,23.9555
1.037,23.9653
1.038,23.9751
1.039,23.9849
1.04,23.9948
1.041,24.0045
1.042,24.0143
1.043,24.0241
1.044,24.0339
1.045,24.0436
1.046,24.0534
1.047,24.0631
1.048,24.0728
1.049,24.0825
1.05,24.0922
1.051,24.1019
1.052,24.1116
1.053,24.1213
1.054,24.131
1.055,24.1406
1.056,24.1503
1.057,24.1599
1.058,24.1695
1.059,24.1791
1.06,24.1887
1.061,24.1983
1.062,24.2079
1.063,24.2175
1.064,24.2271
1.065,24.2366
1.066,24.2462
1.067,24.2557
1.068,24.2652
1.069,24.2748
1.07,24.2843
1.071,24.2938
1.072,24.3033
1.073,24.3127
1.074,24.3222
1.075,24.3317
1.076,24.3411
1.077,24.3505
1.078,24.36
1.079,24.3694
1.08,24.3788
1.081,24.3882
1.082,24.3976
1.083,24.407
1.084,24.4164
1.085,24.4257
1.086,24.4351
1.087,24.4444
1.088,24.4537
1.089,24.4631
1.09,24.4724
1.091,24.4817
1.092,24.491
1.093,24.5002
1.094,24.5095
1.095,24.5188
1.096,24.528
1.097,24.5373
1.098,24.5465
1.099,24.5557
1.1,24.565
1.101,24.5742
1.102,24.5833
1.103,24.5925
1.104,24.6017
1.105,24.6109
1.106,24.62
1.107,24.6292
1.108,24.6383
1.109,24.6474
1.11,24.6565
1.111,24.6657
1.112,24.6748
1.113,24.6838
1.114,24.6929
1.115,24.702
1.116,24.711
1.117,24.7201
1.118,24.7291
1.119,24.7382
1.12,24.7472
1.121,24.7562
1.122,24.7652
1.123,24.7742
1.124,24.7831
1.125,24.7921
1.126,24.8011
1.127,24.81
1.128,24.819
1.129,24.8279
1.13,24.8368
1.131,24.8457
1.132,24.8546
1.133,24.8635
1.134,24.8724
1.135,24.8813
1.136,24.8901
1.137,24.899
1.138,24.9078
1.139,24.9166
1.14,24.9255
1.141,24.9343
1.142,24.9431
1.143,24.9519
1.144,24.9606
1.145,24.9694
1.146,24.9782
1.147,24.9869
1.148,24.9957
1.149,25.0044
1.15,25.0131
1.151,25.0219
1.152,25.0306
1.153,25.0392
1.154,25.0479
1.155,25.0566
1.156,25.0653
1.157,25.0739
1.158,25.0826
1.159,25.0912
1.16,25.0998
1.161,25.1084
1.162,25.1171
1.163,25.1256
1.164,25.1342
1.165,25.1428
1.166,25.1514
1.167,25.1599
1.168,25.1685
1.169,25.177
1.17,25.1855
1.171,25.1941
1.172,25.2026
1.173,25.2111
1.174,25.2196
1.175,25.228
1.176,25.2365
1.177,25.245
1.178,25.2534
1.179,25.2618
1.18,25.2703
1.181,25.2787
1.182,25.2871
1.183,25.2955
1.184,25.3039
1.185,25.3123
1.186,25.3206
1.187,25.329
1.188,25.3374
1.189,25.3457
1.19,25.354
1.191,25.3624
1.192,25.3707
1.193,25.379
1.194,25.3873
1.195,25.3955
1.196,25.4038
1.197,25.4121
1.198,25.4203
1.199,25.4286
1.2,25.4368
1.201,25.445
1.202,25.4532
1.203,25.4614
1.204,25.4696
1.205,25.4778
1.206,25.486
1.207,25.4942
1.208,25.5023
1.209,25.5105
1.21,25.5186
1.211,25.5267
1.212,25.5348
1.213,25.5429
1.214,25.551
1.215,25.5591
1.216,25.5672
1.217,25.5753
1.218,25.5833
1.219,25.5914
1.22,25.5994
1.221,25.6074
1.222,25.6154
1.223,25.6234
1.224,25.6314
1.225,25.6394
1.226,25.6474
1.227,25.6554
1.228,25.6633
1.229,25.6713
1.23,25.6792
1.231,25.6872
1.232,25.6951
1.233,25.703
1.234,25.7109
1.235,25.7188
1.236,25.7267
1.237,25.7345
1.238,25.7424
1.239,25.7502
1.24,25.7581
1.241,25.7659
1.242,25.7737
1.243,25.7815
1.244,25.7893
1.245,25.7971
1.246,25.8049
1.247,25.8127
1.248,25.8204
1.249,25.8282
1.25,25.8359
1.251,25.8437
1.252,25.8514
1.253,25.8591
1.254,25.8668
1.255,25.8745
1.256,25.8822
1.257,25.8899
1.258,25.8975
1.259,25.9052
1.26,25.9128
1.261,25.9205
1.262,25.9281
1.263,25.9357
1.264,25.9433
1.265,25.9509
1.266,25.9585
1.267,25.9661
1.268,25.9736
1.269,25.9812
1.27,25.9887
1.271,25.9963
1.272,26.0038
1.273,26.0113
1.274,26.0188
1.275,26.0263
1.276,26.0338
1.277,26.0413
1.278,26.0487
1.279,26.0562
1.28,26.0636
1.281,26.0711
1.282,26.0785
1.283,26.0859
1.284,26.0933
1.285,26.1007
1.286,26.1081
1.287,26.1155
1.288,26.1229
1.289,26.1302
1.29,26.1376
1.291,26.1449
1.292,26.1523
1.293,26.1596
1.294,26.1669
1.295,26.1742
1.296,26.1815
1.297,26.1888
1.298,26.196
1.299,26.2033
1.3,26.2106
1.301,26.2178
1.302,26.225
1.303,26.2322
1.304,26.2395
1.305,26.2467
1.306,26.2539
1.307,26.261
1.308,26.2682
1.309,26.2754
1.31,26.2825
1.311,26.2897
1.312,26.2968
1.313,26.3039
1.314,26.311
1.315,26.3182
1.316,26.3252
1.317,26.3323
1.318,26.3394
1.319,26.3465
1.32,26.3535
1.321,26.3606
1.322,26.3676
1.323,26.3746
1.324,26.3817
1.325,26.3887
1.326,26.3957
1.327,26.4026
1.328,26.4096
1.329,26.4166
1.33,26.4235
1.331,26.4305
1.332,26.4374
1.333,26.4444
1.334,26.4513
1.335,26.4582
1.336,26.4651
1.337,26.472
1.338,26.4789
1.339,26.4857
1.34,26.4926
1.341,26.4994
1.342,26.5063
1.343,26.5131
1.344,26.5199
1.345,26.5267
1.346,26.5335
1.347,26.5403
1.348,26.5471
1.349,26.5539
1.35,26.5606
1.351,26.5674
1.352,26.5741
1.353,26.5809
1.354,26.5876
1.355,26.5943
1.356,26.601
1.357,26.6077
1.358,26.6144
1.359,26.621
1.36,26.6277
1.361,26.6344
1.362,26.641
1.363,26.6476
1.364,26.6543
1.365,26.6609
1.366,26.6675
1.367,26.6741
1.368,26.6807
1.369,26.6872
1.37,26.6938
1.371,26.7004
1.372,26.7069
1.373,26.7134
1.374,26.72
1.375,26.7265
1.376,26.733
1.377,26.7395
1.378,26.746
1.379,26.7525
1.38,26.7589
1.381,26.7654
1.382,26.7718
1.383,26.7783
1.384,26.7847
1.385,26.7911
1.386,26.7975
1.387,26.8039
1.388,26.8103
1.389,26.8167
1.39,26.823
1.391,26.8294
1.392,26.8358
1.393,26.8421
1.394,26.8484
1.395,26.8547
1.396,26.8611
1.397,26.8674
1.398,26.8736
1.399,26.8799
1.4,26.8862
1.401,26.8925
1.402,26.8987
1.403,26.905
1.404,26.9112
1.405,26.9174
1.406,26.9236
1.407,26.9298
1.408,26.936
1.409,26.9422
1.41,26.9484
1.411,26.9545
1.412,26.9607
1.413,26.9668
1.414,26.973
1.415,26.9791
1.416,26.9852
1.417,26.9913
1.418,26.9974
1.419,27.0035
1.42,27.0096
1.421,27.0156
1.422,27.0217
1.423,27.0277
1.424,27.0338
1.425,27.0398
1.426,27.0458
1.427,27.0518
1.428,27.0578
1.429,27.0638
1.43,27.0698
1.431,27.0757
1.432,27.0817
1.433,27.0876
1.434,27.0936
1.435,27.0995
1.436,27.1054
1.437,27.1113
1.438,27.1172
1.439,27.1231
1.44,27.129
1.441,27.1349
1.442,27.1407
1.443,27.1466
1.444,27.1524
1.445,27.1582
1.446,27.1641
1.447,27.1699
1.448,27.1757
1.449,27.1815
1.45,27.1872
1.451,27.193
1.452,27.1988
1.453,27.2045
1.454,27.2103
1.455,27.216
1.456,27.2217
1.457,27.2274
1.458,27.2331
1.459,27.2388
1.46,27.2445
1.461,27.2502
1.462,27.2558
1.463,27.2615
1.464,27.2671
1.465,27.2728
1.466,27.2784
1.467,27.284
1.468,27.2896
1.469,27.2952
1.47,27.3008
1.471,27.3064
1.472,27.3119
1.473,27.3175
1.474,27.323
1.475,27.3286
1.476,27.3341
1.477,27.3396
1.478,27.3451
1.479,27.3506
1.48,27.3561
1.481,27.3616
1.482,27.367
1.483,27.3725
1.484,27.3779
1.485,27.3834
1.486,27.3888
1.487,27.3942
1.488,27.3996
1.489,27.405
1.49,27.4104
1.491,27.4158
1.492,27.4212
1.493,27.4265
1.494,27.4319
1.495,27.4372
1.496,27.4425
1.497,27.4479
1.498,27.4532
1.499,27.4585
1.5,27.4638
1.501,27.469
1.502,27.4743
1.503,27.4796
1.504,27.4848
1.505,27.4901
1.506,27.4953
1.507,27.5005
1.508,27.5057
1.509,27.5109
1.51,27.5161
1.511,27.5213
1.512,27.5265
1.513,27.5316
1.514,27.5368
1.515,27.5419
1.516,27.5471
1.517,27.5522
1.518,27.5573
1.519,27.5624
1.52,27.5675
1.521,27.5726
1.522,27.5776
1.523,27.5827
1.524,27.5878
1.525,27.5928
1.526,27.5978
1.527,27.6029
1.528,27.6079
1.529,27.6129
1.53,27.6179
1.531,27.6229
1.532,27.6278
1.533,27.6328
1.534,27.6378
1.535,27.6427
1.536,27.6477
1.537,27.6526
1.538,27.6575
1.539,27.6624
1.54,27.6673
1.541,27.6722
1.542,27.6771
1.543,27.6819
1.544,27.6868
1.545,27.6916
1.546,27.6965
1.547,27.7013
1.548,27.7061
1.549,27.7109
1.55,27.7157
1.551,27.7205
1.552,27.7253
1.553,27.7301
1.554,27.7348
1.555,27.7396
1.556,27.7443
1.557,27.7491
1.558,27.7538
1.559,27.7585
1.56,27.7632
1.561,27.7679
1.562,27.7726
1.563,27.7772
1.564,27.7819
1.565,27.7866
1.566,27.7912
1.567,27.7958
1.568,27.8004
1.569,27.8051
1.57,27.8097
1.571,27.8143
1.572,27.8188
1.573,27.8234
1.574,27.828
1.575,27.8325
1.576,27.8371
1.577,27.8416
1.578,27.8461
1.579,27.8507
1.58,27.8552
1.581,27.8597
1.582,27.8641
1.583,27.8686
1.584,27.8731
1.585,27.8775
1.586,27.882
1.587,27.8864
1.588,27.8908
1.589,27.8953
1.59,27.8997
1.591,27.9041
1.592,27.9085
1.593,27.9128
1.594,27.9172
1.595,27.9216
1.596,27.9259
1.597,27.9302
1.598,27.9346
1.599,27.9389
1.6,27.9432
1.601,27.9475
1.602,27.9518
1.603,27.9561
1.604,27.9603
1.605,27.9646
1.606,27.9688
1.607,27.9731
1.608,27.9773
1.609,27.9815
1.61,27.9857
1.611,27.99
1.612,27.9941
1.613,27.9983
1.614,28.0025
1.615,28.0067
1.616,28.0108
1.617,28.015
1.618,28.0191
1.619,28.0232
1.62,28.0273
1.621,28.0314
1.622,28.0355
1.623,28.0396
1.624,28.0437
1.625,28.0477
1.626,28.0518
1.627,28.0558
1.628,28.0599
1.629,28.0639
1.63,28.0679
1.631,28.0719
1.632,28.0759
1.633,28.0799
1.634,28.0839
1.635,28.0878
1.636,28.0918
1.637,28.0957
1.638,28.0997
1.639,28.1036
1.64,28.1075
1.641,28.1114
1.642,28.1153
1.643,28.1192
1.644,28.1231
1.645,28.1269
1.646,28.1308
1.647,28.1347
1.648,28.1385
1.649,28.1423
1.65,28.1461
1.651,28.1499
1.652,28.1537
1.653,28.1575
1.654,28.1613
1.655,28.1651
1.656,28.1688
1.657,28.1726
1.658,28.1763
1.659,28.1801
1.66,28.1838
1.661,28.1875
1.662,28.1912
1.663,28.1949
1.664,28.1986
1.665,28.2022
1.666,28.2059
1.667,28.2095
1.668,28.2132
1.669,28.2168
1.67,28.2204
1.671,28.2241
1.672,28.2277
1.673,28.2313
1.674,28.2348
1.675,28.2384
1.676,28.242
1.677,28.2455
1.678,28.2491
1.679,28.2526
1.68,28.2561
1.681,28.2596
1.682,28.2631
1.683,28.2666
1.684,28.2701
1.685,28.2736
1.686,28.2771
1.687,28.2805
1.688,28.284
1.689,28.2874
1.69,28.2908
1.691,28.2942
1.692,28.2977
1.693,28.301
1.694,28.3044
1.695,28.3078
1.696,28.3112
1.697,28.3145
1.698,28.3179
1.699,28.3212
1.7,28.3246
1.701,28.3279
1.702,28.3312
1.703,28.3345
1.704,28.3378
1.705,28.341
1.706,28.3443
1.707,28.3476
1.708,28.3508
1.709,28.3541
1.71,28.3573
1.711,28.3605
1.712,28.3637
1.713,28.3669
1.714,28.3701
1.715,28.3733
1.716,28.3765
1.717,28.3796
1.718,28.3828
1.719,28.3859
1.72,28.389
1.721,28.3922
1.722,28.3953
1.723,28.3984
1.724,28.4015
1.725,28.4046
1.726,28.4076
1.727,28.4107
1.728,28.4137
1.729,28.4168
1.73,28.4198
1.731,28.4228
1.732,28.4259
1.733,28.4289
1.734,28.4319
1.735,28.4348
1.736,28.4378
1.737,28.4408
1.738,28.4437
1.739,28.4467
1.74,28.4496
1.741,28.4525
1.742,28.4555
1.743,28.4584
1.744,28.4613
1.745,28.4642
1.746,28.467
1.747,28.4699
1.748,28.4728
1.749,28.4756
1.75,28.4784
1.751,28.4813
1.752,28.4841
1.753,28.4869
1.754,28.4897
1.755,28.4925
1.756,28.4953
1.757,28.498
1.758,28.5008
1.759,28.5035
1.76,28.5063
1.761,28.509
1.762,28.5117
1.763,28.5144
1.764,28.5171
1.765,28.5198
1.766,28.5225
1.767,28.5252
1.768,28.5278
1.769,28.5305
1.77,28.5331
1.771,28.5358
1.772,28.5384
1.773,28.541
1.774,28.5436
1.775,28.5462
1.776,28.5488
1.777,28.5513
1.778,28.5539
1.779,28.5565
1.78,28.559
1.781,28.5615
1.782,28.5641
1.783,28.5666
1.784,28.5691
1.785,28.5716
1.786,28.5741
1.787,28.5765
1.788,28.579
1.789,28.5814
1.79,28.5839
1.791,28.5863
1.792,28.5888
1.793,28.5912
1.794,28.5936
1.795,28.596
1.796,28.5984
1.797,28.6007
1.798,28.6031
1.799,28.6055
1.8,28.6078
1.801,28.6101
1.802,28.6125
1.803,28.6148
1.804,28.6171
1.805,28.6194
1.806,28.6217
1.807,28.624
1.808,28.6262
1.809,28.6285
1.81,28.6307
1.811,28.633
1.812,28.6352
1.813,28.6374
1.814,28.6396
1.815,28.6418
1.816,28.644
1.817,28.6462
1.818,28.6484
1.819,28.6505
1.82,28.6527
1.821,28.6548
1.822,28.6569
1.823,28.6591
1.824,28.6612
1.825,28.6633
1.826,28.6654
1.827,28.6675
1.828,28.6695
1.829,28.6716
1.83,28.6736
1.831,28.6757
1.832,28.6777
1.833,28.6797
1.834,28.6818
1.835,28.6838
1.836,28.6858
1.837,28.6877
1.838,28.6897
1.839,28.6917
1.84,28.6936
1.841,28.6956
1.842,28.6975
1.843,28.6994
1.844,28.7014
1.845,28.7033
1.846,28.7052
1.847,28.707
1.848,28.7089
1.849,28.7108
1.85,28.7126
1.851,28.7145
1.852,28.7163
1.853,28.7181
1.854,28.72
1.855,28.7218
1.856,28.7236
1.857,28.7254
1.858,28.7271
1.859,28.7289
1.86,28.7307
1.861,28.7324
1.862,28.7341
1.863,28.7359
1.864,28.7376
1.865,28.7393
1.866,28.741
1.867,28.7427
1.868,28.7444
1.869,28.746
1.87,28.7477
1.871,28.7494
1.872,28.751
1.873,28.7526
1.874,28.7542
1.875,28.7559
1.876,28.7575
1.877,28.7591
1.878,28.7606
1.879,28.7622
1.88,28.7638
1.881,28.7653
1.882,28.7669
1.883,28.7684
1.884,28.7699
1.885,28.7714
1.886,28.7729
1.887,28.7744
1.888,28.7759
1.889,28.7774
1.89,28.7788
1.891,28.7803
1.892,28.7817
1.893,28.7832
1.894,28.7846
1.895,28.786
1.896,28.7874
1.897,28.7888
1.898,28.7902
1.899,28.7916
1.9,28.793
1.901,28.7943
1.902,28.7957
1.903,28.797
1.904,28.7983
1.905,28.7996
1.906,28.8009
1.907,28.8022
1.908,28.8035
1.909,28.8048
1.91,28.8061
1.911,28.8073
1.912,28.8086
1.913,28.8098
1.914,28.811
1.915,28.8123
1.916,28.8135
1.917,28.8147
1.918,28.8159
1.919,28.817
1.92,28.8182
1.921,28.8194
1.922,28.8205
1.923,28.8217
1.924,28.8228
1.925,28.8239
1.926,28.825
1.927,28.8261
1.928,28.8272
1.929,28.8283
1.93,28.8294
1.931,28.8304
1.932,28.8315
1.933,28.8325
1.934,28.8336
1.935,28.8346
1.936,28.8356
1.937,28.8366
1.938,28.8376
1.939,28.8386
1.94,28.8395
1.941,28.8405
1.942,28.8415
1.943,28.8424
1.944,28.8433
1.945,28.8443
1.946,28.8452
1.947,28.8461
1.948,28.847
1.949,28.8479
1.95,28.8487
1.951,28.8496
1.952,28.8505
1.953,28.8513
1.954,28.8521
1.955,28.853
1.956,28.8538
1.957,28.8546
1.958,28.8554
1.959,28.8562
1.96,28.857
1.961,28.8577
1.962,28.8585
1.963,28.8592
1.964,28.86
1.965,28.8607
1.966,28.8614
1.967,28.8621
1.968,28.8628
1.969,28.8635
1.97,28.8642
1.971,28.8649
1.972,28.8655
1.973,28.8662
1.974,28.8668
1.975,28.8674
1.976,28.8681
1.977,28.8687
1.978,28.8693
1.979,28.8699
1.98,28.8704
1.981,28.871
1.982,28.8716
1.983,28.8721
1.984,28.8727
1.985,28.8732
1.986,28.8737
1.987,28.8742
1.988,28.8747
1.989,28.8752
1.99,28.8757
1.991,28.8762
1.992,28.8766
1.993,28.8771
1.994,28.8775
1.995,28.878
1.996,28.8784
1.997,28.8788
1.998,28.8792
1.999,28.8796
2,28.88
2.001,28.8804
2.002,28.8807
2.003,28.8811
2.004,28.8814
2.005,28.8818
2.006,28.8821
2.007,28.8824
2.008,28.8827
2.009,28.883
2.01,28.8833
2.011,28.8836
2.012,28.8839
2.013,28.8841
2.014,28.8844
2.015,28.8846
2.016,28.8848
2.017,28.885
2.018,28.8853
2.019,28.8854
2.02,28.8856
2.021,28.8858
2.022,28.886
2.023,28.8861
2.024,28.8863
2.025,28.8864
2.026,28.8866
2.027,28.8867
2.028,28.8868
2.029,28.8869
2.03,28.887
2.031,28.8871
2.032,28.8871
2.033,28.8872
2.034,28.8872
2.035,28.8873
2.036,28.8873
2.037,28.8873
2.038,28.8874
2.039,28.8874
2.04,28.8874
2.041,28.8873
2.042,28.8873
2.043,28.8873
2.044,28.8872
2.045,28.8872
2.046,28.8871
2.047,28.887
2.048,28.8869
2.049,28.8868
2.05,28.8867
2.051,28.8866
2.052,28.8865
2.053,28.8864
2.054,28.8862
2.055,28.8861
2.056,28.8859
2.057,28.8857
2.058,28.8855
2.059,28.8853
2.06,28.8851
2.061,28.8849
2.062,28.8847
2.063,28.8845
2.064,28.8842
2.065,28.884
2.066,28.8837
2.067,28.8834
2.068,28.8832
2.069,28.8829
2.07,28.8826
2.071,28.8823
2.072,28.8819
2.073,28.8816
2.074,28.8813
2.075,28.8809
2.076,28.8805
2.077,28.8802
2.078,28.8798
2.079,28.8794
2.08,28.879
2.081,28.8786
2.082,28.8782
2.083,28.8777
2.084,28.8773
2.085,28.8769
2.086,28.8764
2.087,28.8759
2.088,28.8755
2.089,28.875
2.09,28.8745
2.091,28.874
2.092,28.8734
2.093,28.8729
2.094,28.8724
2.095,28.8718
2.096,28.8713
2.097,28.8707
2.098,28.8701
2.099,28.8695
2.1,28.869
2.101,28.8683
2.102,28.8677
2.103,28.8671
2.104,28.8665
2.105,28.8658
2.106,28.8652
2.107,28.8645
2.108,28.8638
2.109,28.8631
2.11,28.8624
2.111,28.8617
2.112,28.861
2.113,28.8603
2.114,28.8596
2.115,28.8588
2.116,28.8581
2.117,28.8573
2.118,28.8565
2.119,28.8558
2.12,28.855
2.121,28.8542
2.122,28.8534
2.123,28.8525
2.124,28.8517
2.125,28.8509
2.126,28.85
2.127,28.8491
2.128,28.8483
2.129,28.8474
2.13,28.8465
2.131,28.8456
2.132,28.8447
2.133,28.8438
2.134,28.8428
2.135,28.8419
2.136,28.841
2.137,28.84
2.138,28.839
2.139,28.8381
2.14,28.8371
2.141,28.8361
2.142,28.8351
2.143,28.834
2.144,28.833
2.145,28.832
2.146,28.8309
2.147,28.8299
2.148,28.8288
2.149,28.8277
2.15,28.8266
2.151,28.8255
2.152,28.8244
2.153,28.8233
2.154,28.8222
2.155,28.8211
2.156,28.8199
2.157,28.8188
2.158,28.8176
2.159,28.8164
2.16,28.8152
2.161,28.814
2.162,28.8128
2.163,28.8116
2.164,28.8104
2.165,28.8092
2.166,28.8079
2.167,28.8067
2.168,28.8054
2.169,28.8041
2.17,28.8028
2.171,28.8016
2.172,28.8003
2.173,28.7989
2.174,28.7976
2.175,28.7963
2.176,28.7949
2.177,28.7936
2.178,28.7922
2.179,28.7909
2.18,28.7895
2.181,28.7881
2.182,28.7867
2.183,28.7853
2.184,28.7839
2.185,28.7824
2.186,28.781
2.187,28.7795
2.188,28.7781
2.189,28.7766
2.19,28.7751
2.191,28.7736
2.192,28.7721
2.193,28.7706
2.194,28.7691
2.195,28.7676
2.196,28.766
2.197,28.7645
2.198,28.7629
2.199,28.7614
2.2,28.7598
2.201,28.7582
2.202,28.7566
2.203,28.755
2.204,28.7534
2.205,28.7518
2.206,28.7501
2.207,28.7485
2.208,28.7468
2.209,28.7452
2.21,28.7435
2.211,28.7418
2.212,28.7401
2.213,28.7384
2.214,28.7367
2.215,28.735
2.216,28.7332
2.217,28.7315
2.218,28.7297
2.219,28.728
2.22,28.7262
2.221,28.7244
2.222,28.7226
2.223,28.7208
2.224,28.719
2.225,28.7172
2.226,28.7154
2.227,28.7135
2.228,28.7117
2.229,28.7098
2.23,28.7079
2.231,28.706
2.232,28.7042
2.233,28.7023
2.234,28.7003
2.235,28.6984
2.236,28.6965
2.237,28.6946
2.238,28.6926
2.239,28.6906
2.24,28.6887
2.241,28.6867
2.242,28.6847
2.243,28.6827
2.244,28.6807
2.245,28.6787
2.246,28.6766
2.247,28.6746
2.248,28.6726
2.249,28.6705
2.25,28.6684
2.251,28.6664
2.252,28.6643
2.253,28.6622
2.254,28.6601
2.255,28.658
2.256,28.6558
2.257,28.6537
2.258,28.6515
2.259,28.6494
2.26,28.6472
2.261,28.645
2.262,28.6429
2.263,28.6407
2.264,28.6385
2.265,28.6362
2.266,28.634
2.267,28.6318
2.268,28.6295
2.269,28.6273
2.27,28.625
2.271,28.6228
2.272,28.6205
2.273,28.6182
2.274,28.6159
2.275,28.6136
2.276,28.6112
2.277,28.6089
2.278,28.6066
2.279,28.6042
2.28,28.6018
2.281,28.5995
2.282,28.5971
2.283,28.5947
2.284,28.5923
2.285,28.5899
2.286,28.5875
2.287,28.585
2.288,28.5826
2.289,28.5801
2.29,28.5777
2.291,28.5752
2.292,28.5727
2.293,28.5703
2.294,28.5678
2.295,28.5652
2.296,28.5627
2.297,28.5602
2.298,28.5577
2.299,28.5551
2.3,28.5526
2.301,28.55
2.302,28.5474
2.303,28.5448
2.304,28.5422
2.305,28.5396
2.306,28.537
2.307,28.5344
2.308,28.5317
2.309,28.5291
2.31,28.5264
2.311,28.5238
2.312,28.5211
2.313,28.5184
2.314,28.5157
2.315,28.513
2.316,28.5103
2.317,28.5076
2.318,28.5048
2.319,28.5021
2.32,28.4993
2.321,28.4966
2.322,28.4938
2.323,28.491
2.324,28.4882
2.325,28.4854
2.326,28.4826
2.327,28.4798
2.328,28.4769
2.329,28.4741
2.33,28.4712
2.331,28.4684
2.332,28.4655
2.333,28.4626
2.334,28.4597
2.335,28.4568
2.336,28.4539
2.337,28.451
2.338,28.4481
2.339,28.4451
2.34,28.4422
2.341,28.4392
2.342,28.4363
2.343,28.4333
2.344,28.4303
2.345,28.4273
2.346,28.4243
2.347,28.4213
2.348,28.4182
2.349,28.4152
2.35,28.4121
2.351,28.4091
2.352,28.406
2.353,28.4029
2.354,28.3998
2.355,28.3967
2.356,28.3936
2.357,28.3905
2.358,28.3874
2.359,28.3843
2.36,28.3811
2.361,28.378
2.362,28.3748
2.363,28.3716
2.364,28.3684
2.365,28.3652
2.366,28.362
2.367,28.3588
2.368,28.3556
2.369,28.3524
2.37,28.3491
2.371,28.3459
2.372,28.3426
2.373,28.3393
2.374,28.336
2.375,28.3327
2.376,28.3294
2.377,28.3261
2.378,28.3228
2.379,28.3195
2.38,28.3161
2.381,28.3128
2.382,28.3094
2.383,28.306
2.384,28.3026
2.385,28.2993
2.386,28.2959
2.387,28.2924
2.388,28.289
2.389,28.2856
2.39,28.2821
2.391,28.2787
2.392,28.2752
2.393,28.2718
2.394,28.2683
2.395,28.2648
2.396,28.2613
2.397,28.2578
2.398,28.2543
2.399,28.2507
2.4,28.2472
2.401,28.2437
2.402,28.2401
2.403,28.2365
2.404,28.2329
2.405,28.2294
2.406,28.2258
2.407,28.2222
2.408,28.2185
2.409,28.2149
2.41,28.2113
2.411,28.2076
2.412,28.204
2.413,28.2003
2.414,28.1966
2.415,28.1929
2.416,28.1892
2.417,28.1855
2.418,28.1818
2.419,28.1781
2.42,28.1744
2.421,28.1706
2.422,28.1669
2.423,28.1631
2.424,28.1593
2.425,28.1555
2.426,28.1517
2.427,28.1479
2.428,28.1441
2.429,28.1403
2.43,28.1365
2.431,28.1326
2.432,28.1288
2.433,28.1249
2.434,28.121
2.435,28.1172
2.436,28.1133
2.437,28.1094
2.438,28.1054
2.439,28.1015
2.44,28.0976
2.441,28.0937
2.442,28.0897
2.443,28.0857
2.444,28.0818
2.445,28.0778
2.446,28.0738
2.447,28.0698
2.448,28.0658
2.449,28.0618
2.45,28.0577
2.451,28.0537
2.452,28.0496
2.453,28.0456
2.454,28.0415
2.455,28.0374
2.456,28.0334
2.457,28.0293
2.458,28.0251
2.459,28.021
2.46,28.0169
2.461,28.0128
2.462,28.0086
2.463,28.0045
2.464,28.0003
2.465,27.9961
2.466,27.9919
2.467,27.9877
2.468,27.9835
2.469,27.9793
2.47,27.9751
2.471,27.9708
2.472,27.9666
2.473,27.9623
2.474,27.9581
2.475,27.9538
2.476,27.9495
2.477,27.9452
2.478,27.9409
2.479,27.9366
2.48,27.9323
2.481,27.928
2.482,27.9236
2.483,27.9193
2.484,27.9149
2.485,27.9105
2.486,27.9061
2.487,27.9017
2.488,27.8973
2.489,27.8929
2.49,27.8885
2.491,27.8841
2.492,27.8796
2.493,27.8752
2.494,27.8707
2.495,27.8663
2.496,27.8618
2.497,27.8573
2.498,27.8528
2.499,27.8483
2.5,27.8438
2.501,27.8392
2.502,27.8347
2.503,27.8301
2.504,27.8256
2.505,27.821
2.506,27.8164
2.507,27.8118
2.508,27.8072
2.509,27.8026
2.51,27.798
2.511,27.7934
2.512,27.7887
2.513,27.7841
2.514,27.7794
2.515,27.7748
2.516,27.7701
2.517,27.7654
2.518,27.7607
2.519,27.756
2.52,27.7513
2.521,27.7466
2.522,27.7418
2.523,27.7371
2.524,27.7323
2.525,27.7276
2.526,27.7228
2.527,27.718
2.528,27.7132
2.529,27.7084
2.53,27.7036
2.531,27.6988
2.532,27.6939
2.533,27.6891
2.534,27.6842
2.535,27.6794
2.536,27.6745
2.537,27.6696
2.538,27.6647
2.539,27.6598
2.54,27.6549
2.541,27.65
2.542,27.645
2.543,27.6401
2.544,27.6352
2.545,27.6302
2.546,27.6252
2.547,27.6202
2.548,27.6152
2.549,27.6102
2.55,27.6052
2.551,27.6002
2.552,27.5952
2.553,27.5901
2.554,27.5851
2.555,27.58
2.556,27.575
2.557,27.5699
2.558,27.5648
2.559,27.5597
2.56,27.5546
2.561,27.5495
2.562,27.5443
2.563,27.5392
2.564,27.5341
2.565,27.5289
2.566,27.5237
2.567,27.5186
2.568,27.5134
2.569,27.5082
2.57,27.503
2.571,27.4977
2.572,27.4925
2.573,27.4873
2.574,27.482
2.575,27.4768
2.576,27.4715
2.577,27.4662
2.578,27.461
2.579,27.4557
2.58,27.4504
2.581,27.445
2.582,27.4397
2.583,27.4344
2.584,27.429
2.585,27.4237
2.586,27.4183
2.587,27.4129
2.588,27.4076
2.589,27.4022
2.59,27.3968
2.591,27.3914
2.592,27.3859
2.593,27.3805
2.594,27.3751
2.595,27.3696
2.596,27.3641
2.597,27.3587
2.598,27.3532
2.599,27.3477
2.6,27.3422
2.601,27.3367
2.602,27.3312
2.603,27.3256
2.604,27.3201
2.605,27.3145
2.606,27.309
2.607,27.3034
2.608,27.2978
2.609,27.2922
2.61,27.2866
2.611,27.281
2.612,27.2754
2.613,27.2698
2.614,27.2642
2.615,27.2585
2.616,27.2528
2.617,27.2472
2.618,27.2415
2.619,27.2358
2.62,27.2301
2.621,27.2244
2.622,27.2187
2.623,27.213
2.624,27.2072
2.625,27.2015
2.626,27.1957
2.627,27.19
2.628,27.1842
2.629,27.1784
2.63,27.1726
2.631,27.1668
2.632,27.161
2.633,27.1552
2.634,27.1493
2.635,27.1435
2.636,27.1376
2.637,27.1318
2.638,27.1259
2.639,27.12
2.64,27.1141
2.641,27.1082
2.642,27.1023
2.643,27.0964
2.644,27.0904
2.645,27.0845
2.646,27.0785
2.647,27.0726
2.648,27.0666
2.649,27.0606
2.65,27.0546
2.651,27.0486
2.652,27.0426
2.653,27.0366
2.654,27.0306
2.655,27.0245
2.656,27.0185
2.657,27.0124
2.658,27.0064
2.659,27.0003
2.66,26.9942
2.661,26.9881
2.662,26.982
2.663,26.9759
2.664,26.9697
2.665,26.9636
2.666,26.9574
2.667,26.9513
2.668,26.9451
2.669,26.9389
2.67,26.9327
2.671,26.9265
2.672,26.9203
2.673,26.9141
2.674,26.9079
2.675,26.9017
2.676,26.8954
2.677,26.8892
2.678,26.8829
2.679,26.8766
2.68,26.8703
2.681,26.864
2.682,26.8577
2.683,26.8514
2.684,26.8451
2.685,26.8388
2.686,26.8324
2.687,26.8261
2.688,26.8197
2.689,26.8133
2.69,26.8069
2.691,26.8005
2.692,26.7941
2.693,26.7877
2.694,26.7813
2.695,26.7749
2.696,26.7684
2.697,26.762
2.698,26.7555
2.699,26.749
2.7,26.7426
2.701,26.7361
2.702,26.7296
2.703,26.723
2.704,26.7165
2.705,26.71
2.706,26.7035
2.707,26.6969
2.708,26.6903
2.709,26.6838
2.71,26.6772
2.711,26.6706
2.712,26.664
2.713,26.6574
2.714,26.6508
2.715,26.6441
2.716,26.6375
2.717,26.6309
2.718,26.6242
2.719,26.6175
2.72,26.6108
2.721,26.6042
2.722,26.5975
2.723,26.5908
2.724,26.584
2.725,26.5773
2.726,26.5706
2.727,26.5638
2.728,26.5571
2.729,26.5503
2.73,26.5435
2.731,26.5367
2.732,26.5299
2.733,26.5231
2.734,26.5163
2.735,26.5095
2.736,26.5027
2.737,26.4958
2.738,26.489
2.739,26.4821
2.74,26.4752
2.741,26.4683
2.742,26.4614
2.743,26.4545
2.744,26.4476
2.745,26.4407
2.746,26.4338
2.747,26.4268
2.748,26.4199
2.749,26.4129
2.75,26.4059
2.751,26.399
2.752,26.392
2.753,26.385
2.754,26.3779
2.755,26.3709
2.756,26.3639
2.757,26.3569
2.758,26.3498
2.759,26.3427
2.76,26.3357
2.761,26.3286
2.762,26.3215
2.763,26.3144
2.764,26.3073
2.765,26.3002
2.766,26.293
2.767,26.2859
2.768,26.2788
2.769,26.2716
2.77,26.2644
2.771,26.2572
2.772,26.2501
2.773,26.2429
2.774,26.2357
2.775,26.2284
2.776,26.2212
2.777,26.214
2.778,26.2067
2.779,26.1995
2.78,26.1922
2.781,26.1849
2.782,26.1776
2.783,26.1703
2.784,26.163
2.785,26.1557
2.786,26.1484
2.787,26.1411
2.788,26.1337
2.789,26.1264
2.79,26.119
2.791,26.1116
2.792,26.1042
2.793,26.0968
2.794,26.0894
2.795,26.082
2.796,26.0746
2.797,26.0672
2.798,26.0597
2.799,26.0523
2.8,26.0448
2.801,26.0373
2.802,26.0298
2.803,26.0224
2.804,26.0148
2.805,26.0073
2.806,25.9998
2.807,25.9923
2.808,25.9847
2.809,25.9772
2.81,25.9696
2.811,25.9621
2.812,25.9545
2.813,25.9469
2.814,25.9393
2.815,25.9317
2.816,25.9241
2.817,25.9164
2.818,25.9088
2.819,25.9011
2.82,25.8935
2.821,25.8858
2.822,25.8781
2.823,25.8704
2.824,25.8627
2.825,25.855
2.826,25.8473
2.827,25.8396
2.828,25.8319
2.829,25.8241
2.83,25.8163
2.831,25.8086
2.832,25.8008
2.833,25.793
2.834,25.7852
2.835,25.7774
2.836,25.7696
2.837,25.7618
2.838,25.7539
2.839,25.7461
2.84,25.7382
2.841,25.7304
2.842,25.7225
2.843,25.7146
2.844,25.7067
2.845,25.6988
2.846,25.6909
2.847,25.683
2.848,25.675
2.849,25.6671
2.85,25.6591
2.851,25.6512
2.852,25.6432
2.853,25.6352
2.854,25.6272
2.855,25.6192
2.856,25.6112
2.857,25.6032
2.858,25.5952
2.859,25.5871
2.86,25.5791
2.861,25.571
2.862,25.5629
2.863,25.5548
2.864,25.5468
2.865,25.5387
2.866,25.5305
2.867,25.5224
2.868,25.5143
2.869,25.5062
2.87,25.498
2.871,25.4898
2.872,25.4817
2.873,25.4735
2.874,25.4653
2.875,25.4571
2.876,25.4489
2.877,25.4407
2.878,25.4325
2.879,25.4242
2.88,25.416
2.881,25.4077
2.882,25.3994
2.883,25.3912
2.884,25.3829
2.885,25.3746
2.886,25.3663
2.887,25.358
2.888,25.3496
2.889,25.3413
2.89,25.3329
2.891,25.3246
2.892,25.3162
2.893,25.3079
2.894,25.2995
2.895,25.2911
2.896,25.2827
2.897,25.2743
2.898,25.2658
2.899,25.2574
2.9,25.249
2.901,25.2405
2.902,25.232
2.903,25.2236
2.904,25.2151
2.905,25.2066
2.906,25.1981
2.907,25.1896
2.908,25.181
2.909,25.1725
2.91,25.164
2.911,25.1554
2.912,25.1469
2.913,25.1383
2.914,25.1297
2.915,25.1211
2.916,25.1125
2.917,25.1039
2.918,25.0953
2.919,25.0866
2.92,25.078
2.921,25.0694
2.922,25.0607
2.923,25.052
2.924,25.0433
2.925,25.0347
2.926,25.026
2.927,25.0173
2.928,25.0085
2.929,24.9998
2.93,24.9911
2.931,24.9823
2.932,24.9736
2.933,24.9648
2.934,24.956
2.935,24.9472
2.936,24.9384
2.937,24.9296
2.938,24.9208
2.939,24.912
2.94,24.9031
2.941,24.8943
2.942,24.8854
2.943,24.8766
2.944,24.8677
2.945,24.8588
2.946,24.8499
2.947,24.841
2.948,24.8321
2.949,24.8232
2.95,24.8142
2.951,24.8053
2.952,24.7963
2.953,24.7874
2.954,24.7784
2.955,24.7694
2.956,24.7604
2.957,24.7514
2.958,24.7424
2.959,24.7334
2.96,24.7244
2.961,24.7153
2.962,24.7063
2.963,24.6972
2.964,24.6881
2.965,24.679
2.966,24.6699
2.967,24.6608
2.968,24.6517
2.969,24.6426
2.97,24.6335
2.971,24.6243
2.972,24.6152
2.973,24.606
2.974,24.5969
2.975,24.5877
2.976,24.5785
2.977,24.5693
2.978,24.5601
2.979,24.5509
2.98,24.5416
2.981,24.5324
2.982,24.5232
2.983,24.5139
2.984,24.5046
2.985,24.4953
2.986,24.4861
2.987,24.4768
2.988,24.4675
2.989,24.4581
2.99,24.4488
2.991,24.4395
2.992,24.4301
2.993,24.4208
2.994,24.4114
2.995,24.402
2.996,24.3926
2.997,24.3832
2.998,24.3738
2.999,24.3644
3,24.355
3.001,24.3456
3.002,24.3361
3.003,24.3267
3.004,24.3172
3.005,24.3077
3.006,24.2982
3.007,24.2887
3.008,24.2792
3.009,24.2697
3.01,24.2602
3.011,24.2507
3.012,24.2411
3.013,24.2316
3.014,24.222
3.015,24.2124
3.016,24.2029
3.017,24.1933
3.018,24.1837
3.019,24.1741
3.02,24.1644
3.021,24.1548
3.022,24.1452
3.023,24.1355
3.024,24.1259
3.025,24.1162
3.026,24.1065
3.027,24.0968
3.028,24.0871
3.029,24.0774
3.03,24.0677
3.031,24.058
3.032,24.0482
3.033,24.0385
3.034,24.0287
3.035,24.0189
3.036,24.0092
3.037,23.9994
3.038,23.9896
3.039,23.9798
3.04,23.97
3.041,23.9601
3.042,23.9503
3.043,23.9404
3.044,23.9306
3.045,23.9207
3.046,23.9108
3.047,23.901
3.048,23.8911
3.049,23.8812
3.05,23.8712
3.051,23.8613
3.052,23.8514
3.053,23.8414
3.054,23.8315
3.055,23.8215
3.056,23.8115
3.057,23.8016
3.058,23.7916
3.059,23.7816
3.06,23.7715
3.061,23.7615
3.062,23.7515
3.063,23.7414
3.064,23.7314
3.065,23.7213
3.066,23.7113
3.067,23.7012
3.068,23.6911
3.069,23.681
3.07,23.6709
3.071,23.6607
3.072,23.6506
3.073,23.6405
3.074,23.6303
3.075,23.6202
3.076,23.61
3.077,23.5998
3.078,23.5896
3.079,23.5794
3.08,23.5692
3.081,23.559
3.082,23.5488
3.083,23.5385
3.084,23.5283
3.085,23.518
3.086,23.5077
3.087,23.4975
3.088,23.4872
3.089,23.4769
3.09,23.4666
3.091,23.4563
3.092,23.4459
3.093,23.4356
3.094,23.4252
3.095,23.4149
3.096,23.4045
3.097,23.3941
3.098,23.3838
3.099,23.3734
3.1,23.363
3.101,23.3525
3.102,23.3421
3.103,23.3317
3.104,23.3212
3.105,23.3108
3.106,23.3003
3.107,23.2898
3.108,23.2793
3.109,23.2689
3.11,23.2583
3.111,23.2478
3.112,23.2373
3.113,23.2268
3.114,23.2162
3.115,23.2057
3.116,23.1951
3.117,23.1845
3.118,23.174
3.119,23.1634
3.12,23.1528
3.121,23.1422
3.122,23.1315
3.123,23.1209
3.124,23.1103
3.125,23.0996
3.126,23.0889
3.127,23.0783
3.128,23.0676
3.129,23.0569
3.13,23.0462
3.131,23.0355
3.132,23.0248
3.133,23.014
3.134,23.0033
3.135,22.9926
3.136,22.9818
3.137,22.971
3.138,22.9602
3.139,22.9495
3.14,22.9387
3.141,22.9279
3.142,22.917
3.143,22.9062
3.144,22.8954
3.145,22.8845
3.146,22.8737
3.147,22.8628
3.148,22.8519
3.149,22.841
3.15,22.8301
3.151,22.8192
3.152,22.8083
3.153,22.7974
3.154,22.7865
3.155,22.7755
3.156,22.7646
3.157,22.7536
3.158,22.7426
3.159,22.7316
3.16,22.7206
3.161,22.7096
3.162,22.6986
3.163,22.6876
3.164,22.6766
3.165,22.6655
3.166,22.6545
3.167,22.6434
3.168,22.6323
3.169,22.6212
3.17,22.6101
3.171,22.599
3.172,22.5879
3.173,22.5768
3.174,22.5657
3.175,22.5545
3.176,22.5434
3.177,22.5322
3.178,22.521
3.179,22.5099
3.18,22.4987
3.181,22.4875
3.182,22.4763
3.183,22.465
3.184,22.4538
3.185,22.4426
3.186,22.4313
3.187,22.4201
3.188,22.4088
3.189,22.3975
3.19,22.3862
3.191,22.3749
3.192,22.3636
3.193,22.3523
3.194,22.341
3.195,22.3296
3.196,22.3183
3.197,22.3069
3.198,22.2956
3.199,22.2842
3.2,22.2728
3.201,22.2614
3.202,22.25
3.203,22.2386
3.204,22.2272
3.205,22.2157
3.206,22.2043
3.207,22.1928
3.208,22.1814
3.209,22.1699
3.21,22.1584
3.211,22.1469
3.212,22.1354
3.213,22.1239
3.214,22.1124
3.215,22.1008
3.216,22.0893
3.217,22.0777
3.218,22.0662
3.219,22.0546
3.22,22.043
3.221,22.0314
3.222,22.0198
3.223,22.0082
3.224,21.9966
3.225,21.9849
3.226,21.9733
3.227,21.9616
3.228,21.95
3.229,21.9383
3.23,21.9266
3.231,21.9149
3.232,21.9032
3.233,21.8915
3.234,21.8798
3.235,21.8681
3.236,21.8563
3.237,21.8446
3.238,21.8328
3.239,21.8211
3.24,21.8093
3.241,21.7975
3.242,21.7857
3.243,21.7739
3.244,21.7621
3.245,21.7502
3.246,21.7384
3.247,21.7265
3.248,21.7147
3.249,21.7028
3.25,21.6909
3.251,21.6791
3.252,21.6672
3.253,21.6552
3.254,21.6433
3.255,21.6314
3.256,21.6195
3.257,21.6075
3.258,21.5956
3.259,21.5836
3.26,21.5716
3.261,21.5596
3.262,21.5476
3.263,21.5356
3.264,21.5236
3.265,21.5116
3.266,21.4996
3.267,21.4875
3.268,21.4755
3.269,21.4634
3.27,21.4513
3.271,21.4392
3.272,21.4271
3.273,21.415
3.274,21.4029
3.275,21.3908
3.276,21.3787
3.277,21.3665
3.278,21.3544
3.279,21.3422
3.28,21.33
3.281,21.3179
3.282,21.3057
3.283,21.2935
3.284,21.2813
3.285,21.269
3.286,21.2568
3.287,21.2446
3.288,21.2323
3.289,21.2201
3.29,21.2078
3.291,21.1955
3.292,21.1832
3.293,21.1709
3.294,21.1586
3.295,21.1463
3.296,21.134
3.297,21.1216
3.298,21.1093
3.299,21.0969
3.3,21.0846
3.301,21.0722
3.302,21.0598
3.303,21.0474
3.304,21.035
3.305,21.0226
3.306,21.0101
3.307,20.9977
3.308,20.9853
3.309,20.9728
3.31,20.9603
3.311,20.9479
3.312,20.9354
3.313,20.9229
3.314,20.9104
3.315,20.8979
3.316,20.8853
3.317,20.8728
3.318,20.8602
3.319,20.8477
3.32,20.8351
3.321,20.8226
3.322,20.81
3.323,20.7974
3.324,20.7848
3.325,20.7722
3.326,20.7595
3.327,20.7469
3.328,20.7343
3.329,20.7216
3.33,20.7089
3.331,20.6963
3.332,20.6836
3.333,20.6709
3.334,20.6582
3.335,20.6455
3.336,20.6328
3.337,20.62
3.338,20.6073
3.339,20.5945
3.34,20.5818
3.341,20.569
3.342,20.5562
3.343,20.5434
3.344,20.5306
3.345,20.5178
3.346,20.505
3.347,20.4922
3.348,20.4793
3.349,20.4665
3.35,20.4536
3.351,20.4408
3.352,20.4279
3.353,20.415
3.354,20.4021
3.355,20.3892
3.356,20.3763
3.357,20.3634
3.358,20.3504
3.359,20.3375
3.36,20.3245
3.361,20.3115
3.362,20.2986
3.363,20.2856
3.364,20.2726
3.365,20.2596
3.366,20.2466
3.367,20.2335
3.368,20.2205
3.369,20.2075
3.37,20.1944
3.371,20.1813
3.372,20.1683
3.373,20.1552
3.374,20.1421
3.375,20.129
3.376,20.1159
3.377,20.1027
3.378,20.0896
3.379,20.0765
3.38,20.0633
3.381,20.0502
3.382,20.037
3.383,20.0238
3.384,20.0106
3.385,19.9974
3.386,19.9842
3.387,19.971
3.388,19.9577
3.389,19.9445
3.39,19.9312
3.391,19.918
3.392,19.9047
3.393,19.8914
3.394,19.8781
3.395,19.8648
3.396,19.8515
3.397,19.8382
3.398,19.8249
3.399,19.8115
3.4,19.7982
3.401,19.7848
3.402,19.7715
3.403,19.7581
3.404,19.7447
3.405,19.7313
3.406,19.7179
3.407,19.7045
3.408,19.6911
3.409,19.6776
3.41,19.6642
3.411,19.6507
3.412,19.6372
3.413,19.6238
3.414,19.6103
3.415,19.5968
3.416,19.5833
3.417,19.5698
3.418,19.5562
3.419,19.5427
3.42,19.5292
3.421,19.5156
3.422,19.502
3.423,19.4885
3.424,19.4749
3.425,19.4613
3.426,19.4477
3.427,19.4341
3.428,19.4204
3.429,19.4068
3.43,19.3932
3.431,19.3795
3.432,19.3658
3.433,19.3522
3.434,19.3385
3.435,19.3248
3.436,19.3111
3.437,19.2974
3.438,19.2837
3.439,19.2699
3.44,19.2562
3.441,19.2424
3.442,19.2287
3.443,19.2149
3.444,19.2011
3.445,19.1873
3.446,19.1735
3.447,19.1597
3.448,19.1459
3.449,19.1321
3.45,19.1182
3.451,19.1044
3.452,19.0905
3.453,19.0767
3.454,19.0628
3.455,19.0489
3.456,19.035
3.457,19.0211
3.458,19.0072
3.459,18.9932
3.46,18.9793
3.461,18.9654
3.462,18.9514
3.463,18.9374
3.464,18.9235
3.465,18.9095
3.466,18.8955
3.467,18.8815
3.468,18.8674
3.469,18.8534
3.47,18.8394
3.471,18.8253
3.472,18.8113
3.473,18.7972
3.474,18.7831
3.475,18.7691
3.476,18.755
3.477,18.7409
3.478,18.7267
3.479,18.7126
3.48,18.6985
3.481,18.6843
3.482,18.6702
3.483,18.656
3.484,18.6419
3.485,18.6277
3.486,18.6135
3.487,18.5993
3.488,18.5851
3.489,18.5708
3.49,18.5566
3.491,18.5424
3.492,18.5281
3.493,18.5139
3.494,18.4996
3.495,18.4853
3.496,18.471
3.497,18.4567
3.498,18.4424
3.499,18.4281
3.5,18.4138
3.501,18.3994
3.502,18.3851
3.503,18.3707
3.504,18.3563
3.505,18.342
3.506,18.3276
3.507,18.3132
3.508,18.2988
3.509,18.2843
3.51,18.2699
3.511,18.2555
3.512,18.241
3.513,18.2266
3.514,18.2121
3.515,18.1976
3.516,18.1831
3.517,18.1686
3.518,18.1541
3.519,18.1396
3.52,18.1251
3.521,18.1106
3.522,18.096
3.523,18.0815
3.524,18.0669
3.525,18.0523
3.526,18.0377
3.527,18.0231
3.528,18.0085
3.529,17.9939
3.53,17.9793
3.531,17.9647
3.532,17.95
3.533,17.9354
3.534,17.9207
3.535,17.906
3.536,17.8913
3.537,17.8766
3.538,17.8619
3.539,17.8472
3.54,17.8325
3.541,17.8178
3.542,17.803
3.543,17.7883
3.544,17.7735
3.545,17.7587
3.546,17.744
3.547,17.7292
3.548,17.7144
3.549,17.6996
3.55,17.6847
3.551,17.6699
3.552,17.6551
3.553,17.6402
3.554,17.6254
3.555,17.6105
3.556,17.5956
3.557,17.5807
3.558,17.5658
3.559,17.5509
3.56,17.536
3.561,17.5211
3.562,17.5061
3.563,17.4912
3.564,17.4762
3.565,17.4613
3.566,17.4463
3.567,17.4313
3.568,17.4163
3.569,17.4013
3.57,17.3863
3.571,17.3712
3.572,17.3562
3.573,17.3412
3.574,17.3261
3.575,17.311
3.576,17.296
3.577,17.2809
3.578,17.2658
3.579,17.2507
3.58,17.2356
3.581,17.2204
3.582,17.2053
3.583,17.1902
3.584,17.175
3.585,17.1598
3.586,17.1447
3.587,17.1295
3.588,17.1143
3.589,17.0991
3.59,17.0839
3.591,17.0686
3.592,17.0534
3.593,17.0382
3.594,17.0229
3.595,17.0077
3.596,16.9924
3.597,16.9771
3.598,16.9618
3.599,16.9465
3.6,16.9312
3.601,16.9159
3.602,16.9005
3.603,16.8852
3.604,16.8699
3.605,16.8545
3.606,16.8391
3.607,16.8237
3.608,16.8084
3.609,16.793
3.61,16.7775
3.611,16.7621
3.612,16.7467
3.613,16.7313
3.614,16.7158
3.615,16.7004
3.616,16.6849
3.617,16.6694
3.618,16.6539
3.619,16.6384
3.62,16.6229
3.621,16.6074
3.622,16.5919
3.623,16.5763
3.624,16.5608
3.625,16.5452
3.626,16.5297
3.627,16.5141
3.628,16.4985
3.629,16.4829
3.63,16.4673
3.631,16.4517
3.632,16.4361
3.633,16.4204
3.634,16.4048
3.635,16.3891
3.636,16.3735
3.637,16.3578
3.638,16.3421
3.639,16.3264
3.64,16.3107
3.641,16.295
3.642,16.2793
3.643,16.2635
3.644,16.2478
3.645,16.232
3.646,16.2163
3.647,16.2005
3.648,16.1847
3.649,16.1689
3.65,16.1531
3.651,16.1373
3.652,16.1215
3.653,16.1057
3.654,16.0898
3.655,16.074
3.656,16.0581
3.657,16.0423
3.658,16.0264
3.659,16.0105
3.66,15.9946
3.661,15.9787
3.662,15.9628
3.663,15.9468
3.664,15.9309
3.665,15.9149
3.666,15.899
3.667,15.883
3.668,15.867
3.669,15.851
3.67,15.835
3.671,15.819
3.672,15.803
3.673,15.787
3.674,15.771
3.675,15.7549
3.676,15.7389
3.677,15.7228
3.678,15.7067
3.679,15.6906
3.68,15.6745
3.681,15.6584
3.682,15.6423
3.683,15.6262
3.684,15.61
3.685,15.5939
3.686,15.5777
3.687,15.5616
3.688,15.5454
3.689,15.5292
3.69,15.513
3.691,15.4968
3.692,15.4806
3.693,15.4644
3.694,15.4482
3.695,15.4319
3.696,15.4157
3.697,15.3994
3.698,15.3831
3.699,15.3668
3.7,15.3506
3.701,15.3342
3.702,15.3179
3.703,15.3016
3.704,15.2853
3.705,15.2689
3.706,15.2526
3.707,15.2362
3.708,15.2199
3.709,15.2035
3.71,15.1871
3.711,15.1707
3.712,15.1543
3.713,15.1379
3.714,15.1214
3.715,15.105
3.716,15.0885
3.717,15.0721
3.718,15.0556
3.719,15.0391
3.72,15.0226
3.721,15.0061
3.722,14.9896
3.723,14.9731
3.724,14.9566
3.725,14.9401
3.726,14.9235
3.727,14.907
3.728,14.8904
3.729,14.8738
3.73,14.8572
3.731,14.8406
3.732,14.824
3.733,14.8074
3.734,14.7908
3.735,14.7741
3.736,14.7575
3.737,14.7408
3.738,14.7242
3.739,14.7075
3.74,14.6908
3.741,14.6741
3.742,14.6574
3.743,14.6407
3.744,14.624
3.745,14.6073
3.746,14.5905
3.747,14.5738
3.748,14.557
3.749,14.5402
3.75,14.5234
3.751,14.5066
3.752,14.4898
3.753,14.473
3.754,14.4562
3.755,14.4394
3.756,14.4225
3.757,14.4057
3.758,14.3888
3.759,14.372
3.76,14.3551
3.761,14.3382
3.762,14.3213
3.763,14.3044
3.764,14.2875
3.765,14.2705
3.766,14.2536
3.767,14.2366
3.768,14.2197
3.769,14.2027
3.77,14.1857
3.771,14.1687
3.772,14.1517
3.773,14.1347
3.774,14.1177
3.775,14.1007
3.776,14.0836
3.777,14.0666
3.778,14.0495
3.779,14.0325
3.78,14.0154
3.781,13.9983
3.782,13.9812
3.783,13.9641
3.784,13.947
3.785,13.9299
3.786,13.9127
3.787,13.8956
3.788,13.8784
3.789,13.8613
3.79,13.8441
3.791,13.8269
3.792,13.8097
3.793,13.7925
3.794,13.7753
3.795,13.7581
3.796,13.7408
3.797,13.7236
3.798,13.7063
3.799,13.6891
3.8,13.6718
3.801,13.6545
3.802,13.6372
3.803,13.6199
3.804,13.6026
3.805,13.5853
3.806,13.568
3.807,13.5506
3.808,13.5333
3.809,13.5159
3.81,13.4985
3.811,13.4811
3.812,13.4638
3.813,13.4464
3.814,13.4289
3.815,13.4115
3.816,13.3941
3.817,13.3767
3.818,13.3592
3.819,13.3417
3.82,13.3243
3.821,13.3068
3.822,13.2893
3.823,13.2718
3.824,13.2543
3.825,13.2368
3.826,13.2193
3.827,13.2017
3.828,13.1842
3.829,13.1666
3.83,13.149
3.831,13.1315
3.832,13.1139
3.833,13.0963
3.834,13.0787
3.835,13.0611
3.836,13.0434
3.837,13.0258
3.838,13.0082
3.839,12.9905
3.84,12.9728
3.841,12.9552
3.842,12.9375
3.843,12.9198
3.844,12.9021
3.845,12.8844
3.846,12.8666
3.847,12.8489
3.848,12.8312
3.849,12.8134
3.85,12.7956
3.851,12.7779
3.852,12.7601
3.853,12.7423
3.854,12.7245
3.855,12.7067
3.856,12.6888
3.857,12.671
3.858,12.6532
3.859,12.6353
3.86,12.6175
3.861,12.5996
3.862,12.5817
3.863,12.5638
3.864,12.5459
3.865,12.528
3.866,12.5101
3.867,12.4922
3.868,12.4742
3.869,12.4563
3.87,12.4383
3.871,12.4203
3.872,12.4024
3.873,12.3844
3.874,12.3664
3.875,12.3484
3.876,12.3303
3.877,12.3123
3.878,12.2943
3.879,12.2762
3.88,12.2582
3.881,12.2401
3.882,12.222
3.883,12.2039
3.884,12.1858
3.885,12.1677
3.886,12.1496
3.887,12.1315
3.888,12.1134
3.889,12.0952
3.89,12.077
3.891,12.0589
3.892,12.0407
3.893,12.0225
3.894,12.0043
3.895,11.9861
3.896,11.9679
3.897,11.9497
3.898,11.9314
3.899,11.9132
3.9,11.895
3.901,11.8767
3.902,11.8584
3.903,11.8401
3.904,11.8218
3.905,11.8035
3.906,11.7852
3.907,11.7669
3.908,11.7486
3.909,11.7302
3.91,11.7119
3.911,11.6935
3.912,11.6751
3.913,11.6568
3.914,11.6384
3.915,11.62
3.916,11.6016
3.917,11.5831
3.918,11.5647
3.919,11.5463
3.92,11.5278
3.921,11.5093
3.922,11.4909
3.923,11.4724
3.924,11.4539
3.925,11.4354
3.926,11.4169
3.927,11.3984
3.928,11.3799
3.929,11.3613
3.93,11.3428
3.931,11.3242
3.932,11.3056
3.933,11.2871
3.934,11.2685
3.935,11.2499
3.936,11.2313
3.937,11.2127
3.938,11.194
3.939,11.1754
3.94,11.1567
3.941,11.1381
3.942,11.1194
3.943,11.1007
3.944,11.0821
3.945,11.0634
3.946,11.0447
3.947,11.0259
3.948,11.0072
3.949,10.9885
3.95,10.9697
3.951,10.951
3.952,10.9322
3.953,10.9134
3.954,10.8947
3.955,10.8759
3.956,10.8571
3.957,10.8383
3.958,10.8194
3.959,10.8006
3.96,10.7818
3.961,10.7629
3.962,10.744
3.963,10.7252
3.964,10.7063
3.965,10.6874
3.966,10.6685
3.967,10.6496
3.968,10.6307
3.969,10.6117
3.97,10.5928
3.971,10.5738
3.972,10.5549
3.973,10.5359
3.974,10.5169
3.975,10.4979
3.976,10.4789
3.977,10.4599
3.978,10.4409
3.979,10.4219
3.98,10.4028
3.981,10.3838
3.982,10.3647
3.983,10.3457
3.984,10.3266
3.985,10.3075
3.986,10.2884
3.987,10.2693
3.988,10.2502
3.989,10.231
3.99,10.2119
3.991,10.1928
3.992,10.1736
3.993,10.1544
3.994,10.1353
3.995,10.1161
3.996,10.0969
3.997,10.0777
3.998,10.0585
3.999,10.0392
4,10.02
4.001,10.0008
4.002,9.9815
4.003,9.96224
4.004,9.94296
4.005,9.92368
4.006,9.90438
4.007,9.88508
4.008,9.86577
4.009,9.84644
4.01,9.82711
4.011,9.80777
4.012,9.78841
4.013,9.76905
4.014,9.74968
4.015,9.7303
4.016,9.7109
4.017,9.6915
4.018,9.67209
4.019,9.65267
4.02,9.63324
4.021,9.6138
4.022,9.59435
4.023,9.57489
4.024,9.55541
4.025,9.53593
4.026,9.51644
4.027,9.49694
4.028,9.47743
4.029,9.45791
4.03,9.43839
4.031,9.41885
4.032,9.3993
4.033,9.37974
4.034,9.36017
4.035,9.34059
4.036,9.321
4.037,9.30141
4.038,9.2818
4.039,9.26218
4.04,9.24255
4.041,9.22291
4.042,9.20327
4.043,9.18361
4.044,9.16394
4.045,9.14427
4.046,9.12458
4.047,9.10488
4.048,9.08518
4.049,9.06546
4.05,9.04574
4.051,9.026
4.052,9.00626
4.053,8.9865
4.054,8.96674
4.055,8.94696
4.056,8.92718
4.057,8.90738
4.058,8.88758
4.059,8.86777
4.06,8.84794
4.061,8.82811
4.062,8.80827
4.063,8.78841
4.064,8.76855
4.065,8.74868
4.066,8.72879
4.067,8.7089
4.068,8.689
4.069,8.66909
4.07,8.64917
4.071,8.62923
4.072,8.60929
4.073,8.58934
4.074,8.56938
4.075,8.54941
4.076,8.52943
4.077,8.50944
4.078,8.48944
4.079,8.46943
4.08,8.44941
4.081,8.42938
4.082,8.40934
4.083,8.38929
4.084,8.36923
4.085,8.34916
4.086,8.32908
4.087,8.30899
4.088,8.2889
4.089,8.26879
4.09,8.24867
4.091,8.22854
4.092,8.2084
4.093,8.18826
4.094,8.1681
4.095,8.14793
4.096,8.12776
4.097,8.10757
4.098,8.08737
4.099,8.06717
4.1,8.04695
4.101,8.02672
4.102,8.00649
4.103,7.98624
4.104,7.96599
4.105,7.94572
4.106,7.92545
4.107,7.90516
4.108,7.88487
4.109,7.86456
4.11,7.84425
4.111,7.82393
4.112,7.80359
4.113,7.78325
4.114,7.76289
4.115,7.74253
4.116,7.72216
4.117,7.70178
4.118,7.68138
4.119,7.66098
4.12,7.64057
4.121,7.62015
4.122,7.59971
4.123,7.57927
4.124,7.55882
4.125,7.53836
4.126,7.51789
4.127,7.49741
4.128,7.47692
4.129,7.45642
4.13,7.43591
4.131,7.41539
4.132,7.39486
4.133,7.37432
4.134,7.35377
4.135,7.33321
4.136,7.31264
4.137,7.29206
4.138,7.27147
4.139,7.25087
4.14,7.23026
4.141,7.20964
4.142,7.18902
4.143,7.16838
4.144,7.14773
4.145,7.12707
4.146,7.10641
4.147,7.08573
4.148,7.06504
4.149,7.04434
4.15,7.02364
4.151,7.00292
4.152,6.98219
4.153,6.96146
4.154,6.94071
4.155,6.91996
4.156,6.89919
4.157,6.87842
4.158,6.85763
4.159,6.83684
4.16,6.81603
4.161,6.79522
4.162,6.77439
4.163,6.75356
4.164,6.73272
4.165,6.71186
4.166,6.691
4.167,6.67012
4.168,6.64924
4.169,6.62835
4.17,6.60745
4.171,6.58653
4.172,6.56561
4.173,6.54468
4.174,6.52374
4.175,6.50278
4.176,6.48182
4.177,6.46085
4.178,6.43987
4.179,6.41888
4.18,6.39788
4.181,6.37687
4.182,6.35585
4.183,6.33482
4.184,6.31378
4.185,6.29273
4.186,6.27167
4.187,6.2506
4.188,6.22952
4.189,6.20843
4.19,6.18733
4.191,6.16622
4.192,6.1451
4.193,6.12397
4.194,6.10284
4.195,6.08169
4.196,6.06053
4.197,6.03936
4.198,6.01818
4.199,5.997
4.2,5.9758
4.201,5.95459
4.202,5.93338
4.203,5.91215
4.204,5.89091
4.205,5.86967
4.206,5.84841
4.207,5.82715
4.208,5.80587
4.209,5.78458
4.21,5.76329
4.211,5.74198
4.212,5.72067
4.213,5.69935
4.214,5.67801
4.215,5.65667
4.216,5.63531
4.217,5.61395
4.218,5.59257
4.219,5.57119
4.22,5.5498
4.221,5.52839
4.222,5.50698
4.223,5.48556
4.224,5.46413
4.225,5.44268
4.226,5.42123
4.227,5.39977
4.228,5.3783
4.229,5.35682
4.23,5.33533
4.231,5.31382
4.232,5.29231
4.233,5.27079
4.234,5.24926
4.235,5.22772
4.236,5.20617
4.237,5.18461
4.238,5.16304
4.239,5.14146
4.24,5.11987
4.241,5.09827
4.242,5.07666
4.243,5.05504
4.244,5.03342
4.245,5.01178
4.246,4.99013
4.247,4.96847
4.248,4.9468
4.249,4.92513
4.25,4.90344
4.251,4.88174
4.252,4.86003
4.253,4.83832
4.254,4.81659
4.255,4.79485
4.256,4.77311
4.257,4.75135
4.258,4.72958
4.259,4.70781
4.26,4.68602
4.261,4.66423
4.262,4.64242
4.263,4.62061
4.264,4.59878
4.265,4.57695
4.266,4.5551
4.267,4.53325
4.268,4.51138
4.269,4.48951
4.27,4.46763
4.271,4.44573
4.272,4.42383
4.273,4.40192
4.274,4.37999
4.275,4.35806
4.276,4.33612
4.277,4.31416
4.278,4.2922
4.279,4.27023
4.28,4.24825
4.281,4.22626
4.282,4.20425
4.283,4.18224
4.284,4.16022
4.285,4.13819
4.286,4.11615
4.287,4.0941
4.288,4.07204
4.289,4.04997
4.29,4.02789
4.291,4.0058
4.292,3.9837
4.293,3.96159
4.294,3.93947
4.295,3.91734
4.296,3.8952
4.297,3.87305
4.298,3.8509
4.299,3.82873
4.3,3.80655
4.301,3.78436
4.302,3.76216
4.303,3.73996
4.304,3.71774
4.305,3.69551
4.306,3.67328
4.307,3.65103
4.308,3.62877
4.309,3.60651
4.31,3.58423
4.311,3.56194
4.312,3.53965
4.313,3.51734
4.314,3.49503
4.315,3.4727
4.316,3.45037
4.317,3.42802
4.318,3.40567
4.319,3.3833
4.32,3.36093
4.321,3.33854
4.322,3.31615
4.323,3.29375
4.324,3.27133
4.325,3.24891
4.326,3.22648
4.327,3.20403
4.328,3.18158
4.329,3.15912
4.33,3.13665
4.331,3.11416
4.332,3.09167
4.333,3.06917
4.334,3.04666
4.335,3.02414
4.336,3.00161
4.337,2.97906
4.338,2.95651
4.339,2.93395
4.34,2.91138
4.341,2.8888
4.342,2.86621
4.343,2.84361
4.344,2.821
4.345,2.79838
4.346,2.77575
4.347,2.75311
4.348,2.73046
4.349,2.70781
4.35,2.68514
4.351,2.66246
4.352,2.63977
4.353,2.61707
4.354,2.59437
4.355,2.57165
4.356,2.54892
4.357,2.52618
4.358,2.50344
4.359,2.48068
4.36,2.45791
4.361,2.43514
4.362,2.41235
4.363,2.38955
4.364,2.36675
4.365,2.34393
4.366,2.32111
4.367,2.29827
4.368,2.27543
4.369,2.25257
4.37,2.22971
4.371,2.20683
4.372,2.18395
4.373,2.16105
4.374,2.13815
4.375,2.11523
4.376,2.09231
4.377,2.06938
4.378,2.04643
4.379,2.02348
4.38,2.00052
4.381,1.97755
4.382,1.95456
4.383,1.93157
4.384,1.90857
4.385,1.88556
4.386,1.86253
4.387,1.8395
4.388,1.81646
4.389,1.79341
4.39,1.77035
4.391,1.74728
4.392,1.7242
4.393,1.70111
4.394,1.67801
4.395,1.6549
4.396,1.63178
4.397,1.60865
4.398,1.58551
4.399,1.56236
4.4,1.5392
4.401,1.51603
4.402,1.49285
4.403,1.46966
4.404,1.44647
4.405,1.42326
4.406,1.40004
4.407,1.37681
4.408,1.35357
4.409,1.33033
4.41,1.30707
4.411,1.2838
4.412,1.26053
4.413,1.23724
4.414,1.21394
4.415,1.19064
4.416,1.16732
4.417,1.14399
4.418,1.12066
4.419,1.09731
4.42,1.07396
4.421,1.05059
4.422,1.02722
4.423,1.00383
4.424,0.980439
4.425,0.957034
4.426,0.93362
4.427,0.910196
4.428,0.886762
4.429,0.863319
4.43,0.839866
4.431,0.816402
4.432,0.792929
4.433,0.769446
4.434,0.745954
4.435,0.722451
4.436,0.698939
4.437,0.675417
4.438,0.651885
4.439,0.628343
4.44,0.604792
4.441,0.581231
4.442,0.55766
4.443,0.534079
4.444,0.510488
4.445,0.486887
4.446,0.463277
4.447,0.439657
4.448,0.416027
4.449,0.392387
4.45,0.368738
4.451,0.345078
4.452,0.321409
4.453,0.29773
4.454,0.274041
4.455,0.250342
4.456,0.226634
4.457,0.202916
4.458,0.179188
4.459,0.15545
4.46,0.131702
4.461,0.107944
4.462,0.0841772
4.463,0.0604001
4.464,0.0366131
4.465,0.0128164
4.466,-0.0109902
